4294967279,381
4294967278,439
4294967294,312
4294967294,308
4294967278,438
4294967279,536
4294967279,380
4294967278,437
4294967279,535
4294967279,534
4294967279,532
4294967279,379
4294967278,436
4294967279,378
4294967279,377
4294967279,376
4294967279,375
4294967279,374
4294967279,373
4294967279,372
4294967279,371
4294967279,370
4294967294,314
4294967279,272
158,7
158,6
158,5
158,4
158,3
158,2
158,1
158,0
157,6
157,5
157,4
157,3
157,2
157,1
157,0
4294967294,474
156,5
156,4
156,3
156,2
156,1
156,0
4294967294,429
155,9
155,8
155,7
155,6
155,5
155,4
155,3
155,2
155,1
155,0
4294967278,435
154,8
154,7
154,6
154,5
154,4
154,3
154,2
154,1
154,0
4294967278,434
4294967278,433
153,7
153,6
153,5
153,4
153,3
153,2
153,1
153,0
4294967278,432
152,6
152,5
152,4
152,3
152,2
152,1
152,0
4294967279,369
4294967278,380
151,6
151,5
151,4
151,3
151,2
151,1
151,0
4294967278,431
150,5
150,4
150,3
150,2
150,1
150,0
149,5
149,4
149,3
149,2
149,1
149,0
4294967279,544
148,5
148,4
148,3
148,2
148,1
148,0
4294967294,473
147,5
147,4
147,3
147,2
147,1
147,0
146,4
146,3
146,2
146,1
146,0
145,4
145,3
145,2
145,1
145,0
144,4
144,3
144,2
144,1
144,0
143,4
143,3
143,2
143,1
143,0
142,4
142,3
142,2
142,1
142,0
4294967278,430
141,5
141,4
141,3
141,2
141,1
141,0
4294967278,305
140,5
140,4
140,3
140,2
140,1
140,0
4294967279,297
139,5
139,4
139,3
139,2
139,1
139,0
138,5
138,4
138,3
138,2
138,1
138,0
137,5
137,4
137,3
137,2
137,1
137,0
4294967279,294
136,5
136,4
136,3
136,2
136,1
136,0
135,5
135,4
135,3
135,2
135,1
135,0
134,5
134,4
134,3
134,2
134,1
134,0
4294967278,327
133,6
133,5
133,4
133,3
133,2
133,1
133,0
132,5
132,4
132,3
132,2
132,1
132,0
131,4
131,3
131,2
131,1
131,0
4294967294,319
130,7
4294967278,212
4294967294,318
4294967294,317
130,6
130,5
130,4
130,3
130,2
130,1
130,0
4294967278,239
4294967294,316
4294967294,315
129,5
129,4
129,3
129,2
129,1
129,0
128,7
4294967279,225
128,6
128,5
128,4
128,3
128,2
128,1
128,0
4294967294,313
127,5
127,4
127,3
127,2
127,1
127,0
4294967294,81
126,7
126,6
126,5
126,4
126,3
126,2
126,1
126,0
125,5
125,4
125,3
125,2
125,1
125,0
124,6
124,5
124,4
124,3
124,2
124,1
124,0
123,4
123,3
123,2
123,1
123,0
122,4
122,3
122,2
122,1
122,0
121,5
121,4
121,3
121,2
121,1
121,0
120,4
120,3
120,2
120,1
120,0
119,5
119,4
119,3
119,2
119,1
119,0
118,4
118,3
118,2
118,1
118,0
4294967294,305
117,5
117,4
117,3
117,2
117,1
117,0
4294967294,471
116,4
116,3
116,2
116,1
116,0
4294967293,131
4294967293,130
4294967293,129
4294967293,128
4294967293,127
4294967293,126
4294967293,125
4294967293,124
4294967293,123
4294967293,122
4294967293,121
4294967293,120
4294967293,119
4294967293,118
4294967293,117
4294967293,116
4294967293,115
4294967293,114
4294967293,113
4294967293,112
4294967293,111
4294967293,110
4294967293,109
4294967293,108
4294967293,107
4294967293,106
4294967293,105
4294967293,104
4294967293,103
4294967293,102
4294967293,101
4294967293,100
4294967293,99
4294967293,98
4294967293,97
4294967293,96
4294967293,95
4294967293,94
4294967293,93
4294967293,92
4294967293,91
4294967293,90
4294967293,89
4294967293,88
4294967293,87
4294967293,86
4294967293,85
4294967293,84
4294967293,83
4294967293,82
4294967293,81
4294967293,80
4294967293,79
4294967293,78
4294967293,77
4294967293,76
4294967293,75
4294967293,74
4294967293,73
4294967293,72
4294967293,71
4294967293,70
4294967293,69
4294967293,68
4294967293,67
4294967293,66
4294967293,65
4294967293,64
4294967293,63
4294967293,62
4294967293,61
4294967293,60
4294967293,59
4294967293,58
4294967293,57
4294967293,56
4294967293,55
4294967293,54
4294967293,53
4294967293,52
4294967293,51
4294967293,50
4294967293,49
4294967293,48
4294967293,47
4294967293,46
4294967293,45
4294967293,44
4294967293,43
4294967293,42
4294967293,41
4294967293,40
4294967293,39
4294967293,38
4294967293,37
